 Aatrox 
4800 
880 
580 
90 
3 
1 
Blood 




345 
60 
5 
0.651 
2.5 
175 
38 
3.25 
32.1 
1.25 
2013-06-13 
Fighter • Tank 
 Ahri 
4800 
880 
526 
92 
6.5 
0.6 
Mana 
418 
25 
8 
0.8 
330 
53.04 
3 
0.668 
2 
550 
20.88 
3.5 
30 
0.5 
2011-12-14 
Mage • Assassin 
 Akali 
3150 
790 
575 
95 
8 
0.5 
Energy 




345 
62.4 
3.3 
0.625 
3.2 
125 
23 
3.5 
37 
1.25 
2010-05-11 
Assassin 
 Alistar 
1350 
585 
600 
106 
8.5 
0.85 
Mana 
350 
40 
8.5 
0.8 
330 
62 
3.75 
0.625 
2.125 
125 
44 
3.5 
32.1 
1.25 
2009-02-21 
Tank • Support 
 Amumu 
450 
260 
613.12 
84 
9 
0.85 
Mana 
287.2 
40 
7.382 
0.525 
335 
53.38 
3.8 
0.638 
15.3 
125 
33 
3.8 
32.1 
1.25 
2009-06-26 
Tank • Mage 
 Anivia 
3150 
790 
480 
82 
5.5 
0.55 
Mana 
495 
25 
8 
0.8 
325 
51.376 
3.2 
0.625 
1.68 
600 
21.22 
4 
30 
0.5 
2009-07-10 
Mage • Support 
 Annie 
450 
260 
524 
88 
5.5 
0.55 
Mana 
418 
25 
8 
0.8 
335 
50.41 
2.625 
0.579 
1.36 
625 
19.22 
4 
30 
0.5 
2009-02-21 
Mage 
 Aphelios 
6300 
975 
530 
88 
0.65 
0.11 
Mana 
348 
42 
6.5 
0.5 
325 
57 
2 
0.64 
2.1 
550 
28 
3 
26 
0.5 
2019-12-11 
Marksman • Support 
 Ashe 
450 
260 
570 
87 
3.5 
0.55 
Mana 
280 
32 
6.972 
0.4 
325 
61 
2.96 
0.658 
3.33 
600 
26 
3.4 
30 
0.5 
2009-02-21 
Marksman • Support 
 Aurelion Sol 
6300 
975 
575 
92 
7 
0.6 
Mana 
350 
50 
6 
0.8 
325 
57 
3.2 
0.625 
1.36 
550 
19 
3.6 
30 
0.5 
2016-03-24 
Mage 
 Azir 
6300 
975 
552 
92 
7 
0.75 
Mana 
480 
21 
8 
0.8 
335 
52 
2.8 
0.625 
3 
525 
19.04 
3 
30 
0.5 
2014-09-16 
Mage • Marksman 
 Bard 
6300 
975 
575 
89 
5.5 
0.55 
Mana 
350 
50 
6 
0.45 
330 
52 
3 
0.625 
2 
500 
34 
4 
30 
0.5 
2015-03-12 
Support • Mage 
 Blitzcrank 
3150 
790 
582.6 
95 
8.5 
0.75 
Mana 
267.2 
40 
8.5 
0.8 
325 
61.54 
3.5 
0.625 
1.13 
125 
37 
4 
32.1 
1.25 
2009-09-02 
Tank • Fighter 
 Brand 
4800 
880 
519.68 
88 
5.5 
0.55 
Mana 
496 
21 
10.665 
0.6 
340 
57.04 
3 
0.625 
1.36 
550 
21.88 
3.5 
30 
0.5 
2011-04-12 
Mage 
 Braum 
6300 
975 
540 
98 
8.5 
1 
Mana 
310.6 
45 
6 
0.8 
335 
55.376 
3.2 
0.644 
3.5 
125 
47 
4 
32.1 
1.25 
2014-05-11 
Support • Tank 
 Caitlyn 
4800 
880 
510 
93 
3.5 
0.55 
Mana 
313.7 
35 
7.4 
0.55 
325 
62 
2.88 
0.568 
20 
650 
28 
3.5 
30 
0.5 
2011-01-04 
Marksman 
 Camille 
6300 
975 
575.6 
85 
8.5 
0.8 
Mana 
338.8 
32 
8.15 
0.75 
340 
68 
3.5 
0.644 
2.5 
125 
35 
3.8 
32.1 
1.25 
2016-12-12 
Fighter • Assassin 
 Cassiopeia 
4800 
880 
560 
90 
5.5 
0.5 
Mana 
350 
40 
8 
0.8 
328 
53 
3 
0.647 
1.5 
550 
18 
3.5 
32 
0.5 
2010-12-14 
Mage 
 Cho'Gath 
1350 
585 
574.4 
80 
9 
0.85 
Mana 
272.2 
40 
7.206 
0.45 
345 
69 
4.2 
0.625 
1.44 
125 
38 
3.5 
32.1 
1.25 
2009-06-26 
Tank • Mage 
 Corki 
3150 
790 
518 
87 
5.5 
0.55 
Mana 
350.16 
34 
7.424 
0.55 
325 
55 
2.5 
0.638 
2.3 
550 
28 
3.5 
30 
0.5 
2009-09-19 
Marksman 
 Darius 
4800 
880 
582.24 
100 
10 
0.95 
Mana 
263 
37.5 
6.6 
0.35 
340 
64 
5 
0.625 
1 
175 
39 
4 
32.1 
1.25 
2012-05-23 
Fighter • Tank 
 Diana 
4800 
880 
570 
95 
7.5 
0.85 
Mana 
375 
25 
8 
0.8 
345 
57 
3 
0.625 
2.25 
150 
31 
3.6 
32.1 
1.25 
2012-08-07 
Fighter • Mage 
 Dr. Mundo 
450 
260 
582.52 
89 
8 
0.75 
Resourceless 




345 
61.27 
3.5 
0.625 
15.3 
125 
36 
3.5 
32.1 
1.25 
2009-09-02 
Fighter • Tank 
 Draven 
4800 
880 
605 
90 
3.75 
0.7 
Mana 
360.56 
39 
8.042 
0.65 
330 
60 
3.61 
0.679 
2.7 
550 
29 
3.3 
30 
0.5 
2012-06-05 
Marksman 
 Ekko 
6300 
975 
585 
85 
9 
0.9 
Mana 
280 
50 
7 
0.8 
340 
58 
3 
0.625 
10 
125 
32 
3 
32 
1.25 
2015-05-29 
Assassin • Fighter 
 Elise 
4800 
880 
534 
93 
5.5 
0.6 
Mana 
324 
50 
6 
0.8 
330 
55 
3 
0.625 
1.75 
550 
27 
3.35 
30 
0.5 
2012-10-26 
Mage • Fighter 
 Evelynn 
1350 
585 
572 
84 
8.5 
0.75 
Mana 
315.6 
42 
8.108 
0.6 
335 
61 
3 
0.667 
2.1 
125 
37 
3.5 
32.1 
1.25 
2009-05-01 
Assassin • Mage 
 Ezreal 
4800 
880 
530 
88 
4 
0.55 
Mana 
375 
50 
8.5 
0.65 
325 
60 
2.5 
0.625 
2.5 
550 
22 
3.5 
30 
0.5 
2010-03-16 
Marksman • Mage 
 Fiddlesticks 
1350 
585 
580.4 
92 
5.5 
0.6 
Mana 
500 
28 
8 
0.8 
335 
55.36 
2.625 
0.625 
2.11 
480 
34 
3.5 
30 
0.5 
2009-02-21 
Mage • Support 
 Fiora 
4800 
880 
550 
85 
8.5 
0.55 
Mana 
300 
40 
8 
0.7 
345 
68 
3.3 
0.69 
3.2 
150 
33 
3.5 
32.1 
1.25 
2012-02-29 
Fighter • Assassin 
 Fizz 
4800 
880 
570 
98 
8 
0.7 
Mana 
317.2 
37 
6 
0.8 
335 
58.04 
3 
0.658 
3.1 
175 
22.412 
3.4 
32.1 
1.25 
2011-11-15 
Assassin • Fighter 
 Galio 
3150 
790 
562 
112 
8 
0.8 
Mana 
500 
40 
9.335 
0.7 
335 
59 
3.5 
0.625 
1.5 
150 
24 
3.5 
32 
1.25 
2010-08-10 
Tank • Mage 
 Gangplank 
3150 
790 
540 
82 
6 
0.6 
Mana 
282 
40 
7.5 
0.7 
345 
64 
3 
0.69 
3.2 
125 
35 
3 
32.1 
1.25 
2009-08-19 
Fighter 
 Garen 
450 
260 
620 
84 
8 
0.5 
Resourceless 




340 
66 
4.5 
0.625 
3.65 
175 
36 
3 
32.1 
0.75 
2010-04-27 
Fighter • Tank 
 Gnar 
6300 
975 
510 
65 
4.5 
1.75 
Rage 




335 
59 
3 
0.625 
5.5 
175 
32 
2.5 
30 
0.5 
2014-08-13 
Fighter • Tank 
 Gragas 
3150 
790 
600 
95 
5.5 
0.5 
Mana 
400 
47 
6 
0.8 
330 
64 
3.5 
0.625 
8 
125 
35 
3.6 
32.1 
1.25 
2010-02-02 
Fighter • Mage 
 Graves 
4800 
880 
555 
92 
8 
0.7 
Mana 
325 
40 
8 
0.7 
340 
68 
3 
0.481 
2.6 
425 
33 
3.4 
32 
1.25 
2011-10-19 
Marksman 
 Hecarim 
4800 
880 
580 
90 
7 
0.75 
Mana 
277.2 
40 
6.5 
0.6 
345 
66 
3.2 
0.67 
2.5 
175 
36 
4 
32.1 
1.25 
2012-04-18 
Fighter • Tank 
 Heimerdinger 
3150 
790 
488 
87 
7 
0.55 
Mana 
385 
20 
8 
0.8 
340 
55.536 
2.7 
0.625 
1.36 
550 
19.04 
3 
30 
0.5 
2009-10-10 
Mage • Support 
 Illaoi 
6300 
975 
585.6 
95 
9.5 
0.8 
Mana 
300 
40 
7.5 
0.75 
340 
68 
5 
0.571 
2.5 
125 
35 
3.8 
32.1 
1.25 
2015-11-24 
Fighter • Tank 
 Irelia 
4800 
880 
580 
85 
8.5 
0.85 
Mana 
350 
30 
8 
0.8 
335 
63 
4 
0.625 
2.5 
200 
34 
3 
32 
1.25 
2010-11-16 
Fighter • Assassin 
 Ivern 
6300 
975 
585 
95 
7 
0.85 
Mana 
450 
60 
6 
0.75 
330 
50 
3 
0.644 
3.4 
475 
27 
3.5 
32.1 
1.25 
2016-10-05 
Support • Mage 
 Janna 
1350 
585 
500 
70 
5.5 
0.55 
Mana 
350 
64 
11.5 
0.4 
315 
46 
1.5 
0.625 
2.95 
550 
28 
3.8 
30 
0.5 
2009-09-02 
Support • Mage 
 Jarvan IV 
4800 
880 
570 
90 
8 
0.7 
Mana 
300 
40 
6.5 
0.45 
340 
64 
3.4 
0.658 
2.5 
175 
34 
3.6 
32.1 
1.25 
2011-03-01 
Tank • Fighter 
 Jax 
1350 
585 
592.8 
85 
8.5 
0.55 
Mana 
338.8 
32 
7.576 
0.7 
350 
68 
3.375 
0.638 
3.4 
125 
36 
3 
32.1 
1.25 
2009-02-21 
Fighter • Assassin 
 Jayce 
4800 
880 
560 
90 
6 
0.6 
Mana 
375 
45 
6 
0.8 
335 
54 
4.25 
0.658 
3 
125 
27 
3.5 
30 
0.5 
2012-07-07 
Fighter • Marksman 
 Jhin 
6300 
975 
585 
93 
3.75 
0.55 
Mana 
300 
50 
6 
0.8 
330 
59 
4.7 
0.625 
2.83 
550 
24 
3.5 
30 
0.5 
2016-02-01 
Marksman • Assassin 
 Jinx 
4800 
880 
610 
86 
3.75 
0.5 
Mana 
245 
45 
6.7 
1 
325 
57 
3.4 
0.625 
1 
525 
28 
3.5 
30 
0.5 
2013-10-10 
Marksman 
 Kai'Sa 
6300 
975 
600 
88 
3.5 
0.55 
Mana 
344.88 
38 
8.2 
0.45 
335 
59 
1.7 
0.644 
1.8 
525 
28 
3 
30 
0.5 
2018-03-07 
Marksman 
 Kalista 
6300 
975 
534 
100 
3.75 
0.55 
Mana 
231.8 
35 
6.3 
0.4 
325 
67 
3.5 
0.694 
4 
525 
21 
4 
30 
0.5 
2014-11-20 
Marksman 
 Karma 
3150 
790 
534 
95 
5.5 
0.55 
Mana 
374 
50 
11.5 
0.5 
335 
53.544 
3.3 
0.625 
2.3 
525 
26 
3.8 
30 
0.5 
2011-02-01 
Mage • Support 
 Karthus 
3150 
790 
528 
87 
6.5 
0.55 
Mana 
467 
30.5 
8 
0.8 
325 
45.66 
3.25 
0.625 
2.11 
450 
20.88 
3.5 
30 
0.5 
2009-06-12 
Mage 
 Kassadin 
3150 
790 
576 
90 
8 
0.5 
Mana 
397.6 
67 
6 
0.8 
335 
58.852 
3.9 
0.64 
3.7 
150 
19 
2.8 
30 
0.5 
2009-08-07 
Assassin • Mage 
 Katarina 
3150 
790 
602 
94 
7.5 
0.7 
Resourceless 




340 
58 
3.2 
0.658 
2.74 
125 
27.88 
3.5 
32.1 
1.25 
2009-09-19 
Assassin • Mage 
 Kayle 
450 
260 
600 
105 
5 
0.12 
Mana 
330 
25 
8 
0.8 
335 
50 
2.5 
0.667 
1.5 
175 
26 
3 
34 
0.5 
2009-02-21 
Fighter • Support 
 Kayn 
6300 
975 
585 
85 
8 
0.75 
Mana 
410 
50 
11.5 
0.95 
340 
68 
3.3 
0.669 
2.7 
175 
38 
3.3 
32.1 
1.25 
2017-07-12 
Assassin • Fighter 
 Kennen 
4800 
880 
541 
84 
5.5 
0.65 
Energy 




335 
48 
3.75 
0.625 
3.4 
550 
29 
3.75 
30 
0.5 
2010-04-08 
Mage • Marksman 
 Kha'Zix 
4800 
880 
572.8 
85 
7.5 
0.75 
Mana 
327.2 
40 
7.59 
0.5 
350 
63 
3.1 
0.668 
2.7 
125 
36 
3 
32.1 
1.25 
2012-09-27 
Assassin • Fighter 
 Kindred 
6300 
975 
540 
85 
7 
0.55 
Mana 
300 
35 
7 
0.4 
325 
65 
2.5 
0.625 
3.5 
500 
29 
3.5 
30 
0.5 
2015-10-14 
Marksman 
 Kled 
6300 
975 
740 
135 
6 
0.75 
Courage 




285 
65 
3.5 
0.625 
3.5 
250 
35 
4 
32.1 
1.25 
2016-08-10 
Fighter • Tank 
 Kog'Maw 
4800 
880 
565 
90 
3.75 
0.55 
Mana 
325 
40 
8.75 
0.7 
325 
61 
3.11 
0.665 
2.65 
500 
24 
3.5 
30 
0.5 
2010-06-24 
Marksman • Mage 
 LeBlanc 
3150 
790 
528 
92 
7.5 
0.55 
Mana 
334 
50 
6 
0.8 
340 
54.88 
3.5 
0.625 
1.4 
525 
21.88 
3.5 
30 
0.5 
2010-11-02 
Assassin • Mage 
 Lee Sin 
4800 
880 
575 
85 
7.5 
0.7 
Energy 




345 
70 
3.2 
0.651 
3 
125 
33 
3.7 
32.1 
1.25 
2011-04-01 
Fighter • Assassin 
 Leona 
4800 
880 
576.16 
87 
8.5 
0.85 
Mana 
302.2 
40 
6 
0.8 
335 
60.04 
3 
0.625 
2.9 
125 
47 
3.6 
32.1 
1.25 
2011-07-13 
Tank • Support 
 Lissandra 
4800 
880 
550 
90 
7 
0.55 
Mana 
475 
30 
8 
0.8 
325 
53 
2.7 
0.625 
5 
550 
20.216 
3.7 
30 
0.5 
2013-04-30 
Mage 
 Lucian 
4800 
880 
571 
86 
3.75 
0.65 
Mana 
348.88 
38 
8.176 
0.7 
335 
61 
2.75 
0.638 
3.3 
500 
28 
3 
30 
0.5 
2013-08-22 
Marksman 
 Lulu 
4800 
880 
525 
74 
6 
0.6 
Mana 
350 
55 
11 
0.6 
330 
47 
2.6 
0.625 
2.25 
550 
29 
3.7 
30 
0.5 
2012-03-20 
Support • Mage 
 Lux 
3150 
790 
490 
85 
5.5 
0.55 
Mana 
480 
23.5 
8 
0.8 
330 
53.54 
3.3 
0.625 
7 
550 
18.72 
4 
30 
0.5 
2010-10-19 
Mage • Support 
 Malphite 
1350 
585 
574.2 
90 
7 
0.55 
Mana 
282.2 
40 
7.324 
0.55 
335 
61.97 
4 
0.638 
15 
125 
37 
3.75 
32.1 
1.25 
2009-09-02 
Tank • Fighter 
 Malzahar 
4800 
880 
537 
87 
6 
0.6 
Mana 
375 
27.5 
8 
0.8 
335 
55 
3 
0.625 
1.5 
500 
18 
3.5 
30 
0.5 
2010-06-01 
Mage • Assassin 
 Maokai 
4800 
880 
565 
95 
5 
0.75 
Mana 
375 
43 
7.2 
0.6 
335 
63.54 
3.3 
0.694 
15.3 
125 
39 
4 
32.1 
1.25 
2011-02-16 
Tank • Mage 
 Master Yi 
450 
260 
598.56 
92 
7.5 
0.65 
Mana 
250.56 
42 
7.256 
0.45 
355 
66 
3 
0.679 
2 
125 
33 
3 
32.1 
1.25 
2009-02-21 
Assassin • Fighter 
 Miss Fortune 
3150 
790 
570 
93 
3.75 
0.65 
Mana 
325.84 
35 
8.042 
0.65 
325 
50 
2.7 
0.656 
2.25 
550 
28 
3 
30 
0.5 
2010-09-08 
Marksman 
 Mordekaiser 
1350 
585 
575 
90 
8 
0.15 
Iron 




335 
61 
4 
0.625 
1 
175 
37 
3 
32.1 
1.25 
2010-02-24 
Fighter • Mage 
 Morgana 
1350 
585 
559.48 
90 
5.5 
0.6 
Mana 
340.8 
60 
11 
0.4 
335 
55.46 
3.5 
0.625 
1.53 
450 
25.384 
3.8 
30 
0.5 
2009-02-21 
Mage • Support 
 Nami 
4800 
880 
475 
74 
5.5 
0.55 
Mana 
365 
43 
11.5 
0.4 
335 
51.208 
3.1 
0.644 
2.61 
550 
29 
4 
30 
0.5 
2012-12-07 
Support • Mage 
 Nasus 
1350 
585 
561.2 
90 
9 
0.9 
Mana 
325.6 
42 
7.44 
0.5 
350 
67 
3.5 
0.638 
3.48 
125 
34 
3.5 
32.1 
1.25 
2009-10-01 
Fighter • Tank 
 Nautilus 
4800 
880 
576.48 
86 
8.5 
0.55 
Mana 
400 
47 
8.625 
0.5 
325 
61 
3.3 
0.613 
15 
175 
35.46 
3.75 
32.1 
1.25 
2012-02-14 
Tank • Fighter 
 Neeko 
6300 
975 
540 
90 
7.5 
0.75 
Mana 
450 
30 
7 
0.7 
340 
52 
2 
0.625 
3.5 
550 
21 
4 
30 
0.5 
2018-12-05 
Mage • Support 
 Nidalee 
3150 
790 
545 
85 
6 
0.6 
Mana 
295.6 
45 
6 
0.8 
335 
61 
3.5 
0.638 
3.22 
525 
28 
3.5 
30 
0.5 
2009-12-17 
Assassin • Fighter 
 Nocturne 
4800 
880 
585 
85 
7 
0.75 
Mana 
275 
35 
7 
0.45 
345 
62 
3.1 
0.668 
8 
125 
38 
3.5 
32.1 
0.75 
2011-03-15 
Assassin • Fighter 
 Nunu 
450 
260 
570 
82 
5 
0.8 
Mana 
280 
42 
7 
0.5 
345 
61 
3 
0.625 
2.25 
125 
32 
3 
32.1 
1.25 
2009-02-21 
Support • Fighter 
 Olaf 
3150 
790 
597.24 
93 
8.5 
0.9 
Mana 
315.6 
42 
7.466 
0.575 
350 
68 
3.5 
0.694 
2.7 
125 
35 
3 
32.1 
1.25 
2010-06-08 
Fighter • Tank 
 Orianna 
4800 
880 
530 
91 
7 
0.55 
Mana 
418 
25 
8 
0.8 
325 
40.368 
2.6 
0.658 
3.5 
525 
17.04 
3 
26 
0.5 
2011-06-01 
Mage • Support 
 Ornn 
6300 
975 
590 
95 
1.8 
0.18 
Mana 
340.6 
45 
8.01 
0.6 
335 
69 
3.5 
0.625 
2 
175 
36 
4 
32.1 
1.25 
2017-08-23 
Tank 
 Pantheon 
3150 
790 
580 
87 
10 
0.65 
Mana 
317.12 
31 
7.356 
0.45 
355 
64 
3.3 
0.644 
8 
175 
40 
3.75 
28 
1.25 
2010-02-02 
Fighter • Assassin 
 Poppy 
450 
260 
540 
90 
8 
0.8 
Mana 
280 
40 
7 
0.7 
345 
64 
4 
0.625 
2.5 
125 
38 
3.5 
32 
1.25 
2010-01-13 
Tank • Fighter 
 Pyke 
6300 
975 
600 
90 
7 
0.5 
Mana 
415 
50 
8 
1 
330 
62 
2 
0.667 
2.5 
150 
45 
5 
32 
2 
2018-05-31 
Assassin • Support 
 Qiyana 
6300 
975 
590 
90 
8.5 
0.65 
Mana 
320 
50 
8 
0.7 
335 
64 
3.1 
0.625 
2.1 
150 
28 
3.5 
32.1 
1.25 
2019-06-28 
Assassin 
 Quinn 
4800 
880 
532.8 
85 
5.5 
0.55 
Mana 
268.8 
35 
6.972 
0.4 
335 
59 
2.4 
0.668 
3.1 
525 
28 
3.5 
30 
0.5 
2013-03-01 
Marksman • Fighter 
 Rakan 
6300 
975 
540 
85 
5 
0.5 
Mana 
315 
50 
8.75 
0.5 
335 
62 
3.5 
0.635 
3 
300 
32 
3.9 
32.1 
1.25 
2017-04-19 
Support • Mage 
 Rammus 
1350 
585 
564.48 
95 
8 
0.55 
Mana 
310.44 
33 
7.84 
0.5 
335 
55.88 
3.5 
0.656 
2.215 
125 
36 
4.3 
32.1 
1.25 
2009-07-10 
Tank • Fighter 
 Rek'Sai 
6300 
975 
570 
85 
7.5 
0.65 
Fury 




335 
64 
3 
0.667 
2 
175 
36 
3.75 
32.1 
1.25 
2014-12-11 
Fighter 
 Renekton 
4800 
880 
575 
87 
8 
0.75 
Fury 




345 
69 
3.75 
0.665 
2.75 
125 
35 
4 
32.1 
1.25 
2011-01-18 
Fighter • Tank 
 Rengar 
4800 
880 
585 
90 
7 
0.5 
Ferocity 




345 
68 
3 
0.666 
3 
125 
34 
3 
32.1 
1.25 
2012-08-21 
Assassin • Fighter 
 Riven 
4800 
880 
560 
86 
8.5 
0.5 
Resourceless 




340 
64 
3 
0.625 
3.5 
125 
33 
3.2 
32.1 
1.25 
2011-09-14 
Fighter • Assassin 
 Rumble 
4800 
880 
589 
85 
8 
0.6 
Heat 




345 
61 
3.2 
0.644 
1.85 
125 
31 
3.5 
32.1 
1.25 
2011-04-26 
Fighter • Mage 
 Ryze 
450 
260 
575 
98 
8 
0.8 
Mana 
300 
50 
8 
1 
340 
58 
3 
0.625 
2.112 
550 
22 
3 
36 
0.5 
2009-02-21 
Mage • Fighter 
 Sejuani 
4800 
880 
560 
95 
8.5 
1 
Mana 
400 
40 
7 
0.7 
340 
66 
4 
0.625 
10 
150 
34 
4.25 
32.1 
1.25 
2012-01-17 
Tank • Fighter 
 Senna 
6300 
975 
520 
75 
3.5 
0.55 
Mana 
350 
45 
11.5 
0.4 
330 
50 
0 
0.2 
4 
600 
28 
3.5 
30 
0.5 
2019-11-10 
Marksman • Support 
 Sett 
6300 
975 
600 
93 
7 
0.5 
Resourceless 




340 
60 
4 
0.625 
0 
125 
33 
4 
32.1 
1.25 
2020-01-14 
Fighter 
 Shaco 
3150 
790 
587 
89 
8.5 
0.55 
Mana 
297.2 
40 
7.156 
0.45 
350 
63 
3 
0.694 
3 
125 
30 
3.5 
32.1 
1.25 
2009-10-10 
Assassin 
 Shen 
3150 
790 
540 
85 
8.5 
0.75 
Energy 




340 
60 
3 
0.651 
15 
125 
34 
3 
32.1 
1.25 
2010-03-24 
Tank • Fighter 
 Shyvana 
3150 
790 
595 
95 
8.5 
0.8 
Fury 




350 
66 
3.4 
0.658 
2.5 
125 
38 
3.35 
32.1 
1.25 
2011-11-01 
Fighter • Tank 
 Singed 
450 
260 
580 
85 
9.5 
0.55 
Mana 
330 
45 
7.5 
0.55 
345 
63 
3.375 
0.613 
1.9 
125 
34 
3.5 
32.1 
1.25 
2009-04-18 
Tank • Fighter 
 Sion 
1350 
585 
542.64 
73 
7.5 
0.8 
Mana 
325.6 
42 
8.008 
0.6 
345 
68 
4 
0.679 
1.3 
175 
32 
3 
32.1 
1.25 
2009-02-21 
Tank • Fighter 
 Sivir 
450 
260 
532 
88 
3.25 
0.55 
Mana 
284 
50 
8 
0.9 
335 
63 
3 
0.625 
1.6 
500 
26 
3.25 
30 
0.5 
2009-02-21 
Marksman 
 Skarner 
4800 
880 
601.28 
90 
9 
0.85 
Mana 
320 
40 
7.206 
0.45 
335 
65 
4.5 
0.625 
2.1 
125 
38 
3.8 
32.1 
1.25 
2011-08-09 
Fighter • Tank 
 Sona 
3150 
790 
482.36 
77 
5.5 
0.55 
Mana 
340.6 
45 
11.5 
0.4 
325 
49 
3 
0.644 
2.3 
550 
28 
3.3 
30 
0.5 
2010-09-20 
Support • Mage 
 Soraka 
450 
260 
535 
74 
2.5 
0.5 
Mana 
425 
40 
11.5 
0.4 
325 
50 
3 
0.625 
2.14 
550 
32 
3.8 
30 
0.5 
2009-02-21 
Support • Mage 
 Swain 
4800 
880 
525 
85 
7 
0.65 
Mana 
468 
28.5 
8 
0.8 
335 
58 
2.7 
0.625 
2.11 
525 
22.72 
4 
30 
0.5 
2010-10-05 
Mage • Fighter 
 Sylas 
6300 
975 
525 
115 
9 
0.9 
Mana 
280 
50 
7.5 
0.8 
340 
61 
3 
0.645 
3.5 
175 
27 
4 
32 
1.75 
2019-01-25 
Mage • Fighter 
 Syndra 
4800 
880 
523 
90 
6.5 
0.6 
Mana 
480 
40 
8 
0.8 
330 
53.872 
2.9 
0.625 
2 
550 
24.712 
3.4 
30 
0.5 
2012-09-13 
Mage • Support 
 Tahm Kench 
6300 
975 
540 
102 
6.5 
0.55 
Mana 
325 
40 
8 
1 
335 
56 
3.2 
0.658 
2.5 
175 
47 
3.5 
32.1 
1.25 
2015-07-09 
Support • Tank 
 Taliyah 
6300 
975 
532 
90 
7 
0.7 
Mana 
425 
30 
9.335 
0.85 
340 
58 
3.3 
0.625 
1.36 
525 
20 
3.5 
30 
0.5 
2016-05-18 
Mage • Support 
 Talon 
4800 
880 
588 
95 
8.5 
0.75 
Mana 
377.2 
37 
7.6 
0.8 
335 
68 
3.1 
0.625 
2.9 
125 
30 
3.5 
39 
1.25 
2011-08-24 
Assassin • Fighter 
 Taric 
1350 
585 
575 
85 
6 
0.5 
Mana 
300 
60 
8.5 
0.8 
340 
55 
3.5 
0.625 
2 
150 
40 
3.4 
32.1 
1.25 
2009-08-19 
Support • Fighter 
 Teemo 
1350 
585 
528 
90 
5.5 
0.65 
Mana 
334 
20 
9.6 
0.45 
330 
54 
3 
0.69 
3.38 
500 
24.3 
3.75 
30 
0.5 
2009-02-21 
Marksman • Assassin 
 Thresh 
4800 
880 
560.52 
93 
7 
0.55 
Mana 
273.92 
44 
6 
0.8 
335 
56 
2.2 
0.625 
3.5 
450 
28 
0 
30 
0.5 
2013-01-23 
Support • Fighter 
 Tristana 
1350 
585 
559 
88 
3.75 
0.65 
Mana 
250 
32 
7.2 
0.45 
325 
61 
3.3 
0.679 
1.5 
525 
26 
3 
30 
0.5 
2009-02-21 
Marksman • Assassin 
 Trundle 
3150 
790 
616 
96 
6 
0.75 
Mana 
281 
45 
7.5 
0.6 
350 
68 
3 
0.67 
2.9 
175 
37 
3.7 
32.1 
1.25 
2010-12-01 
Fighter • Tank 
 Tryndamere 
1350 
585 
625.64 
98 
8.5 
0.9 
Fury 




345 
69 
3.7 
0.67 
2.9 
125 
33 
3.1 
32.1 
1.25 
2009-05-01 
Fighter • Assassin 
 Twisted Fate 
1350 
585 
534 
94 
5.5 
0.6 
Mana 
333 
19 
8 
0.8 
335 
52 
3.3 
0.651 
3.22 
525 
21 
3.15 
30 
0.5 
2009-02-21 
Mage 
 Twitch 
3150 
790 
612 
86 
3.75 
0.6 
Mana 
287.2 
40 
7.256 
0.45 
330 
59 
3.11 
0.679 
3.38 
550 
27 
3 
30 
0.5 
2009-05-01 
Marksman • Assassin 
 Udyr 
1350 
585 
594 
99 
6 
0.75 
Mana 
271 
30 
7.5 
0.45 
350 
66 
5 
0.658 
2.67 
125 
34 
4 
32.1 
1.25 
2009-12-02 
Fighter • Tank 
 Urgot 
3150 
790 
585 
88 
7.5 
0.7 
Mana 
340 
45 
7.25 
0.8 
330 
63 
4 
0.625 
3.75 
350 
36 
4.25 
32.1 
1.25 
2010-08-24 
Marksman • Fighter 
 Varus 
4800 
880 
530 
91 
3.5 
0.55 
Mana 
360 
33 
8 
0.8 
330 
61 
3 
0.658 
3 
575 
27 
3.4 
30 
0.5 
2012-05-08 
Marksman • Mage 
 Vayne 
4800 
880 
515 
89 
3.5 
0.55 
Mana 
231.8 
35 
6.972 
0.4 
330 
60 
2.36 
0.658 
3.3 
550 
23 
3.4 
30 
0.5 
2011-05-10 
Marksman • Assassin 
 Veigar 
1350 
585 
505 
94 
6.5 
0.6 
Mana 
490 
26 
8 
0.8 
340 
52 
2.7 
0.625 
2.24 
550 
23 
3.75 
30 
0.5 
2009-07-24 
Mage 
 Vel'Koz 
6300 
975 
520 
88 
5.5 
0.55 
Mana 
469 
21 
8 
0.8 
340 
54.938 
3.142 
0.625 
1.36 
525 
21.88 
3.5 
30 
0.5 
2014-02-27 
Mage 
 Vi 
4800 
880 
585 
85 
10 
1 
Mana 
295 
45 
8 
0.65 
340 
64 
3.5 
0.644 
2 
125 
30 
4 
32.1 
1.25 
2012-12-19 
Fighter • Assassin 
 Viktor 
4800 
880 
530 
90 
8 
0.65 
Mana 
405 
25 
8 
0.8 
335 
53 
3 
0.658 
2.11 
525 
23 
4 
30 
0.5 
2011-12-29 
Mage 
 Vladimir 
3150 
790 
537 
96 
7 
0.6 
Bloodthirst 




330 
55 
3 
0.658 
2 
450 
23 
3.3 
30 
0.5 
2010-07-27 
Mage • Tank 
 Volibear 
4800 
880 
580 
90 
9 
0.65 
Mana 
350 
50 
7.5 
0.5 
340 
60 
3.25 
0.66 
2 
150 
31 
3.5 
32 
1.25 
2011-11-29 
Fighter • Tank 
 Warwick 
450 
260 
550 
85 
4 
0.75 
Mana 
280 
35 
7.466 
0.575 
335 
63 
3 
0.678 
2.3 
125 
33 
3.2 
32.1 
1.25 
2009-02-21 
Fighter • Tank 
 Wukong 
4800 
880 
540 
85 
4 
0.65 
Mana 
300 
45 
8.042 
0.65 
345 
68 
4 
0.658 
8 
175 
64 
3.5 
28 
1.25 
2011-07-26 
Fighter • Tank 
 Xayah 
6300 
975 
590 
88 
3.25 
0.75 
Mana 
340 
40 
8.25 
0.75 
325 
60 
2.9 
0.625 
3.3 
525 
25 
3 
30 
0.5 
2017-04-19 
Marksman • Fighter 
 Xerath 
4800 
880 
526 
92 
5.5 
0.55 
Mana 
459 
22 
8 
0.8 
340 
54.7 
3 
0.625 
1.36 
525 
21.88 
3.5 
30 
0.5 
2011-10-05 
Mage • Assassin 
 Xin Zhao 
1350 
585 
570 
92 
8 
0.7 
Mana 
273.8 
35 
7.256 
0.45 
345 
66 
3 
0.645 
3.5 
175 
35 
3.5 
32.1 
1.25 
2010-07-13 
Fighter • Assassin 
 Yasuo 
6300 
975 
523 
87 
6.5 
0.9 
Flow 




345 
60 
3.2 
0.67 
4 
175 
30 
3.4 
30 
1.25 
2013-12-13 
Fighter • Assassin 
 Yorick 
4800 
880 
580 
100 
8 
0.8 
Mana 
300 
40 
7.5 
0.75 
340 
62 
5 
0.625 
2 
175 
39 
4 
32 
1.25 
2011-06-22 
Fighter • Mage 
 Yuumi 
6300 
975 
480 
70 
7 
0.55 
Mana 
400 
45 
10 
0.35 
330 
55 
3.1 
0.625 
1 
500 
25 
3 
25 
0.3 
2019-05-15 
Support • Mage 
 Zac 
4800 
880 
615 
95 
8 
0.5 
Resourceless 




340 
60 
3.4 
0.638 
15 
175 
33 
3.5 
32 
1.25 
2013-03-29 
Tank • Fighter 
 Zed 
4800 
880 
584 
85 
7 
0.65 
Energy 




345 
63 
3.4 
0.651 
3.3 
125 
32 
3.5 
32.1 
1.25 
2012-11-13 
Assassin • Fighter 
 Ziggs 
4800 
880 
536 
92 
6.5 
0.6 
Mana 
480 
23.5 
8 
0.8 
325 
54.208 
3.1 
0.656 
2 
550 
21.544 
3.3 
30 
0.5 
2012-02-01 
Mage 
 Zilean 
1350 
585 
504 
82 
5.5 
0.5 
Mana 
452 
30 
11.335 
0.8 
335 
51.64 
3 
0.625 
2.13 
550 
24 
3.8 
30 
0.5 
2009-04-18 
Support • Mage 
 Zoe 
6300 
975 
560 
92 
6.5 
0.6 
Mana 
425 
25 
8 
0.65 
340 
58 
3.3 
0.625 
2.5 
550 
20.8 
3.5 
30 
0.5 
2017-11-21 
Mage 
 Zyra 
4800 
880 
504 
79 
5.5 
0.5 
Mana 
418 
25 
13 
0.4 
340 
53.376 
3.2 
0.625 
2.11 
575 
29 
3 
30 
0.5 
2012-07-24 
Mage • Support 